sampling_rate_sets_mhz: [[32,35], [30,64], [35,75], [25,32], [200,250,300], [20], [32], [64], [200]]
nyquist_sampling_rate_hz: 3000000000
frequencies_hz: [300000000, 500000000, 800000000, 1000000000, 1300000000]
sanity_angles_deg: [-60,-45,-30,-10,0,10,30,45,60]
fixed_angles_deg: [-50,-30,-10,0,10,30,50]
snr_db: [-15,-10,-5,0,5,10,20]
snapshots_per_branch: [16,32,64,128,256,512]
observation_duration_s: [0.000001,0.000002,0.000005,0.00001]
monte_carlo_trials: 300
seed: 20260716
angle_grid_step_deg: 0.1
covariance_fusion: snapshot_weighted
frequency_error_hz: [-20000000,-10000000,-5000000,-2000000,-1000000,-500000,-100000,0,100000,500000,1000000,2000000,5000000,10000000,20000000]
relative_frequency_error: [-0.1,-0.05,-0.02,-0.01,-0.005,-0.001,0,0.001,0.005,0.01,0.02,0.05,0.1]
